can handle this:

polystr1

[[[-96.751418000001,41.499348],[-96.751418000001,41.499358],[-96.750641999999,41.499368],[-96.750570999998,41.499599],[-96.750232000001,41.499607],[-96.750163999996,41.499636],[-96.750118000001,41.499913],[-96.750014000001,41.499998],[-96.749963999997,41.500154],[-96.749824000003,41.500192],[-96.746943000003,41.498485],[-96.746829000002,41.498385],[-96.746786999999,41.498297],[-96.746762999997,41.496057],[-96.746766635584,41.495747017976],[-96.746815999997,41.495712],[-96.751322000002,41.495698],[-96.751460000004,41.495814],[-96.751499999999,41.499063],[-96.751481999997,41.499134],[-96.751399999999,41.499201],[-96.751418000001,41.499348]]]

polystr2

[[[-96.753228,41.496791],[-96.753048,41.496668],[-96.752931,41.496608],[-96.752796,41.496578],[-96.752508,41.496547],[-96.752378,41.496503],[-96.752166,41.496357],[-96.751993,41.4961],[-96.751817,41.495977],[-96.751685,41.495937],[-96.751222,41.495842],[-96.750975,41.495734],[-96.750881,41.495715],[-96.750424,41.495454],[-96.750175,41.495346],[-96.750008,41.495316],[-96.749989,41.495313],[-96.749596,41.495179],[-96.749315,41.495135],[-96.748981,41.495159],[-96.748844,41.495192],[-96.748701,41.495191],[-96.748367,41.49522],[-96.748,41.49529],[-96.74784,41.495298],[-96.747473,41.495316],[-96.747333,41.495302],[-96.747152,41.495252],[-96.746675,41.495215],[-96.746416,41.495123],[-96.746129,41.495116],[-96.745465,41.495043],[-96.744938,41.495034],[-96.744565,41.4951],[-96.744431,41.495139],[-96.744264,41.49521],[-96.743937,41.495271],[-96.743853,41.495302],[-96.743585,41.495454],[-96.743312,41.495522],[-96.742944,41.495691],[-96.742579,41.495779],[-96.741963,41.495864],[-96.741775,41.495872],[-96.741635,41.495857],[-96.741122,41.495755],[-96.740788,41.495719],[-96.740551,41.495713],[-96.740375,41.495774],[-96.740314,41.49583],[-96.740299,41.495868],[-96.740373,41.495955],[-96.740629,41.496175],[-96.740739,41.49629],[-96.74075,41.496363],[-96.740713,41.49647],[-96.740646,41.496519],[-96.740554,41.496547],[-96.740412,41.49654],[-96.740232,41.49649],[-96.740156,41.496444],[-96.740038,41.496325],[-96.739965,41.496285],[-96.739782,41.496247],[-96.739492,41.496225],[-96.739353,41.496258],[-96.739198,41.496341],[-96.738848,41.49646],[-96.738588,41.496619],[-96.738465,41.496673],[-96.738338,41.496689],[-96.738229,41.496702],[-96.737942,41.496683],[-96.737836,41.49661],[-96.737818,41.496539],[-96.738198,41.496123],[-96.738246,41.496062],[-96.738275,41.49599],[-96.738257,41.495921],[-96.738193,41.495861],[-96.738151,41.495843],[-96.738062,41.495834],[-96.737915,41.495844],[-96.737678,41.495883],[-96.737267,41.495985],[-96.737103,41.496057],[-96.73672,41.496275],[-96.736369,41.496391],[-96.736123,41.496504],[-96.735987,41.496537],[-96.735652,41.496528],[-96.735319,41.496493],[-96.73509,41.496443],[-96.734654,41.496295],[-96.734034,41.496242],[-96.733557,41.496244],[-96.733084,41.496307],[-96.733045,41.49633],[-96.732999,41.496333],[-96.732468,41.496321],[-96.732508,41.496113],[-96.732613,41.495874],[-96.732653,41.495624],[-96.732749,41.495421],[-96.732829,41.495139],[-96.73296,41.495034],[-96.733155,41.494929],[-96.733391,41.494902],[-96.733774,41.494884],[-96.734013,41.494893],[-96.7342,41.494923],[-96.736019,41.494863],[-96.736641,41.494888],[-96.736783,41.494872],[-96.73715,41.49479],[-96.738444,41.494783],[-96.738874,41.494759],[-96.739157,41.494721],[-96.739292,41.494684],[-96.739365,41.494639],[-96.739502,41.494605],[-96.739702,41.494506],[-96.739928,41.494372],[-96.740164,41.494193],[-96.740417,41.49393],[-96.740525,41.493732],[-96.741192,41.492984],[-96.741318,41.492932],[-96.741557,41.49294],[-96.741648,41.492965],[-96.741804,41.493048],[-96.741974,41.493114],[-96.742194,41.493186],[-96.742333,41.493214],[-96.74256,41.493221],[-96.742812,41.493228],[-96.743095,41.493193],[-96.743382,41.493192],[-96.743957,41.493215],[-96.744336,41.493262],[-96.744559,41.493323],[-96.744897,41.493461],[-96.745079,41.493507],[-96.74556,41.493743],[-96.746,41.493887],[-96.746091,41.493908],[-96.746186,41.493898],[-96.746327,41.493912],[-96.746606,41.493967],[-96.746783,41.494021],[-96.747019,41.494048],[-96.748453,41.494128],[-96.749311,41.494063],[-96.74993,41.494114],[-96.750008,41.494116],[-96.750218,41.494118],[-96.75055,41.494087],[-96.750918,41.494005],[-96.75109,41.493944],[-96.75133,41.493924],[-96.751567,41.493947],[-96.751798,41.493998],[-96.752072,41.494141],[-96.752299,41.494198],[-96.752491,41.494196],[-96.752625,41.49416],[-96.753153,41.494161],[-96.753533,41.494129],[-96.754059,41.494156],[-96.754629,41.494212],[-96.755137,41.494319],[-96.755938,41.494429],[-96.756439,41.494551],[-96.75656,41.494608],[-96.756764,41.494763],[-96.756845,41.494853],[-96.756896,41.494978],[-96.756925,41.495158],[-96.756892,41.49545],[-96.756835,41.495543],[-96.756691,41.49564],[-96.756523,41.495713],[-96.756335,41.495746],[-96.756165,41.495813],[-96.755798,41.495894],[-96.755719,41.495935],[-96.755118,41.496056],[-96.754358,41.496277],[-96.753891,41.496461],[-96.753736,41.496545],[-96.753515,41.496615],[-96.753315,41.49677],[-96.753228,41.496791]]]


can´t handle this:


polystr1

[[[-98.662183210251,31.748662795865],[-98.661292716859,31.748279611375],[-98.661528751248,31.748005907196],[-98.66240851581,31.748343475567],[-98.662451431151,31.749064225536],[-98.661496564737,31.749091595678],[-98.660627529015,31.748553314744],[-98.661292716859,31.748480327258],[-98.661872074001,31.748754030034],[-98.662183210251,31.748662795865]]]

polystr2


[[[-98.666037,31.747699],[-98.6658,31.74801],[-98.665736,31.748249],[-98.665734,31.748745],[-98.665819,31.749039],[-98.666226,31.749315],[-98.66719,31.749555],[-98.667532,31.749831],[-98.667617,31.74996],[-98.667622,31.750261],[-98.667537,31.750518],[-98.667173,31.750794],[-98.667002,31.75085],[-98.666423,31.750943],[-98.665587,31.751],[-98.664751,31.750983],[-98.664151,31.751039],[-98.663915,31.751113],[-98.663722,31.751132],[-98.663444,31.751261],[-98.66325,31.751078],[-98.663207,31.750949],[-98.66325,31.750802],[-98.663421,31.750691],[-98.663785,31.750544],[-98.664149,31.750267],[-98.664125,31.750032],[-98.664119,31.750005],[-98.664081,31.749899],[-98.66391,31.749788],[-98.663332,31.749604],[-98.662925,31.749566],[-98.662496,31.749712],[-98.662324,31.749822],[-98.662091,31.750032],[-98.661041,31.750825],[-98.660892,31.750898],[-98.660549,31.750991],[-98.660399,31.750991],[-98.659819,31.750808],[-98.65954,31.750772],[-98.658875,31.750571],[-98.658596,31.750443],[-98.65836,31.75026],[-98.658274,31.750168],[-98.658205,31.750004],[-98.658166,31.749851],[-98.658296,31.749466],[-98.658639,31.749228],[-98.658854,31.749155],[-98.659154,31.749118],[-98.659625,31.749119],[-98.659818,31.749083],[-98.660269,31.748808],[-98.660548,31.748717],[-98.661019,31.748755],[-98.661384,31.748737],[-98.661705,31.748609],[-98.661856,31.748481],[-98.66235,31.747857],[-98.662909,31.747087],[-98.66336,31.746629],[-98.663425,31.7465],[-98.663318,31.74628],[-98.663211,31.746188],[-98.662847,31.74615],[-98.662397,31.746296],[-98.662118,31.746479],[-98.661774,31.746644],[-98.661539,31.746717],[-98.661281,31.746753],[-98.66096,31.746698],[-98.660853,31.746606],[-98.660768,31.746403],[-98.660877,31.745706],[-98.660835,31.745265],[-98.660664,31.745118],[-98.660192,31.745062],[-98.659935,31.745135],[-98.659806,31.745226],[-98.659634,31.745391],[-98.659419,31.745776],[-98.659204,31.745996],[-98.659097,31.74607],[-98.658818,31.746161],[-98.658582,31.746344],[-98.658517,31.746656],[-98.658581,31.746803],[-98.658644,31.747409],[-98.658579,31.747685],[-98.658407,31.74785],[-98.658192,31.747904],[-98.658064,31.747904],[-98.657807,31.747775],[-98.657614,31.747738],[-98.657292,31.747793],[-98.656627,31.748324],[-98.656434,31.748434],[-98.656262,31.748489],[-98.655962,31.748525],[-98.655426,31.748358],[-98.655255,31.748266],[-98.655084,31.748101],[-98.65502,31.747972],[-98.654979,31.747403],[-98.655237,31.746907],[-98.655217,31.746283],[-98.655282,31.746026],[-98.655454,31.745695],[-98.65597,31.745145],[-98.656142,31.744797],[-98.656164,31.744687],[-98.656078,31.744613],[-98.656035,31.744613],[-98.65552,31.745016],[-98.655005,31.745217],[-98.654791,31.745364],[-98.654533,31.745712],[-98.654446,31.746043],[-98.654209,31.746501],[-98.653822,31.746941],[-98.653136,31.747326],[-98.652278,31.747618],[-98.651591,31.747947],[-98.651141,31.748093],[-98.650733,31.748313],[-98.650604,31.748312],[-98.649146,31.748787],[-98.648953,31.748768],[-98.648761,31.748603],[-98.648718,31.748401],[-98.648761,31.748327],[-98.648783,31.748144],[-98.648999,31.747685],[-98.649063,31.74741],[-98.649021,31.747116],[-98.64885,31.746932],[-98.648657,31.746968],[-98.64855,31.747041],[-98.648227,31.7475],[-98.648076,31.748326],[-98.647968,31.74862],[-98.647688,31.749005],[-98.64743,31.749225],[-98.647259,31.749261],[-98.64698,31.74926],[-98.646509,31.749131],[-98.645632,31.748505],[-98.645246,31.748412],[-98.644946,31.748448],[-98.644474,31.748613],[-98.643981,31.748685],[-98.643767,31.748501],[-98.643682,31.748336],[-98.643385,31.746939],[-98.643558,31.746517],[-98.643751,31.746297],[-98.644416,31.745986],[-98.644695,31.745932],[-98.645745,31.745879],[-98.646989,31.745477],[-98.647311,31.745423],[-98.648683,31.745389],[-98.648961,31.745316],[-98.649174,31.746032],[-98.649281,31.746216],[-98.649366,31.746474],[-98.649429,31.746914],[-98.649599,31.747447],[-98.649984,31.747742],[-98.650241,31.747798],[-98.650563,31.747761],[-98.650842,31.74767],[-98.651164,31.747377],[-98.651443,31.747231],[-98.652258,31.747103],[-98.652622,31.747031],[-98.652815,31.746958],[-98.653073,31.746738],[-98.653052,31.746536],[-98.652282,31.745836],[-98.652175,31.745781],[-98.651961,31.745744],[-98.651746,31.745762],[-98.651575,31.745872],[-98.651317,31.746092],[-98.651166,31.746312],[-98.650544,31.746843],[-98.650351,31.74688],[-98.650265,31.746861],[-98.650115,31.746787],[-98.650094,31.746695],[-98.650266,31.746273],[-98.650503,31.745925],[-98.651319,31.745265],[-98.651663,31.744917],[-98.651749,31.744715],[-98.651794,31.743944],[-98.651858,31.743779],[-98.652116,31.743577],[-98.652438,31.743504],[-98.652867,31.74334],[-98.653189,31.74312],[-98.653683,31.742515],[-98.653877,31.742111],[-98.654156,31.741781],[-98.6545,31.741525],[-98.6548,31.74147],[-98.655679,31.741398],[-98.655893,31.741252],[-98.656087,31.740885],[-98.656195,31.740793],[-98.656302,31.74072],[-98.656516,31.740739],[-98.656751,31.740923],[-98.656944,31.741236],[-98.656986,31.741401],[-98.657264,31.741806],[-98.657349,31.742081],[-98.657326,31.742577],[-98.65739,31.742889],[-98.657496,31.743092],[-98.65786,31.743331],[-98.658332,31.743405],[-98.659382,31.743444],[-98.660174,31.743721],[-98.660538,31.74374],[-98.660667,31.743704],[-98.660903,31.743502],[-98.661204,31.743098],[-98.661312,31.743007],[-98.661483,31.742897],[-98.661698,31.742861],[-98.66204,31.743119],[-98.66236,31.743505],[-98.662639,31.743726],[-98.663067,31.743873],[-98.663453,31.743911],[-98.664202,31.744077],[-98.664437,31.74428],[-98.664843,31.744868],[-98.665421,31.745512],[-98.665442,31.745641],[-98.665377,31.745879],[-98.665162,31.746063],[-98.664175,31.746538],[-98.664089,31.746611],[-98.663853,31.746905],[-98.663766,31.747125],[-98.663787,31.74729],[-98.664001,31.747474],[-98.664344,31.747549],[-98.664773,31.747623],[-98.665823,31.74768],[-98.665908,31.747662],[-98.666037,31.747699]]]

polystr1

[[[-98.662183210251,31.748662795865],[-98.661292716859,31.748279611375],[-98.661528751248,31.748005907196],[-98.66240851581,31.748343475567],[-98.662451431151,31.749064225536],[-98.661496564737,31.749091595678],[-98.660627529015,31.748553314744],[-98.661292716859,31.748480327258],[-98.661872074001,31.748754030034],[-98.662183210251,31.748662795865]]]

polystr2

[[[-98.663444,31.751261],[-98.663423,31.751371],[-98.663124,31.751831],[-98.662524,31.752071],[-98.66231,31.75209],[-98.662074,31.752164],[-98.661217,31.752202],[-98.660531,31.752093],[-98.659501,31.752059],[-98.659158,31.752096],[-98.658902,31.752299],[-98.658795,31.752446],[-98.658731,31.752722],[-98.658754,31.753089],[-98.6594,31.754264],[-98.659465,31.754484],[-98.659639,31.755256],[-98.659554,31.755385],[-98.659425,31.755403],[-98.659081,31.755147],[-98.658909,31.754908],[-98.658737,31.754578],[-98.658348,31.753586],[-98.65809,31.753274],[-98.657981,31.752668],[-98.658001,31.75219],[-98.657935,31.751731],[-98.65787,31.751529],[-98.657676,31.751235],[-98.656816,31.750281],[-98.656694,31.750031],[-98.656684,31.750003],[-98.656623,31.749756],[-98.656367,31.74948],[-98.656152,31.749498],[-98.655874,31.749571],[-98.655424,31.749571],[-98.655124,31.749478],[-98.654931,31.749368],[-98.65401,31.749109],[-98.653346,31.749071],[-98.653196,31.749089],[-98.653088,31.74918],[-98.652789,31.748959],[-98.652575,31.748702],[-98.652597,31.74839],[-98.652683,31.748298],[-98.65292,31.748133],[-98.653756,31.747804],[-98.653906,31.747713],[-98.654764,31.747439],[-98.654979,31.747403],[-98.65502,31.747972],[-98.655084,31.748101],[-98.655255,31.748266],[-98.655426,31.748358],[-98.655962,31.748525],[-98.656262,31.748489],[-98.656434,31.748434],[-98.656627,31.748324],[-98.657292,31.747793],[-98.657614,31.747738],[-98.657807,31.747775],[-98.658064,31.747904],[-98.658192,31.747904],[-98.658407,31.74785],[-98.658579,31.747685],[-98.658644,31.747409],[-98.658581,31.746803],[-98.658517,31.746656],[-98.658582,31.746344],[-98.658818,31.746161],[-98.659097,31.74607],[-98.659204,31.745996],[-98.659419,31.745776],[-98.659634,31.745391],[-98.659806,31.745226],[-98.659935,31.745135],[-98.660192,31.745062],[-98.660664,31.745118],[-98.660835,31.745265],[-98.660877,31.745706],[-98.660768,31.746403],[-98.660853,31.746606],[-98.66096,31.746698],[-98.661281,31.746753],[-98.661539,31.746717],[-98.661774,31.746644],[-98.662118,31.746479],[-98.662397,31.746296],[-98.662847,31.74615],[-98.663211,31.746188],[-98.663318,31.74628],[-98.663425,31.7465],[-98.66336,31.746629],[-98.662909,31.747087],[-98.66235,31.747857],[-98.661856,31.748481],[-98.661705,31.748609],[-98.661384,31.748737],[-98.661019,31.748755],[-98.660548,31.748717],[-98.660269,31.748808],[-98.659818,31.749083],[-98.659625,31.749119],[-98.659154,31.749118],[-98.658854,31.749155],[-98.658639,31.749228],[-98.658296,31.749466],[-98.658166,31.749851],[-98.658205,31.750004],[-98.658274,31.750168],[-98.65836,31.75026],[-98.658596,31.750443],[-98.658875,31.750571],[-98.65954,31.750772],[-98.659819,31.750808],[-98.660399,31.750991],[-98.660549,31.750991],[-98.660892,31.750898],[-98.661041,31.750825],[-98.662091,31.750032],[-98.662324,31.749822],[-98.662496,31.749712],[-98.662925,31.749566],[-98.663332,31.749604],[-98.66391,31.749788],[-98.664081,31.749899],[-98.664119,31.750005],[-98.664125,31.750032],[-98.664149,31.750267],[-98.663785,31.750544],[-98.663421,31.750691],[-98.66325,31.750802],[-98.663207,31.750949],[-98.66325,31.751078],[-98.663444,31.751261]]]